0,1,2,3,4,5,6
0,36,62,25,30,65,36
36,0,47,32,71,63,73
62,47,0,48,31,47,74
25,32,48,0,48,31,47
30,71,31,48,0,45,73
65,63,47,31,45,0,64
36,73,74,47,73,64,0
